num crossings	time (s)	maj axis (mm)	min axis (mm)	theta (rad )	slope (V/s)
9415	25738.822752	53.595817	-0.284855	1.595870	11.399447
9417	25740.910744	53.800823	-0.326320	1.596432	10.780853
9421	25745.087377	53.573926	-0.314959	1.596113	10.876959
9425	25749.264094	53.615297	-0.170722	1.596846	11.057915
9427	25751.352620	53.750722	-0.296134	1.594845	10.870038
9433	25757.618640	54.932789	-0.214405	1.611202	10.972991
9437	25761.795551	50.896237	-0.057078	1.605189	10.957416
9447	25772.239044	55.254546	-0.239556	1.606113	10.988277
9461	25786.860803	53.949668	-0.296719	1.590436	10.650199
9471	25797.302858	54.629618	-0.366869	1.594619	11.227425
9473	25799.391133	53.811708	-0.331073	1.590778	11.072036
9475	25801.479537	52.280633	-6.645678	1.628712	11.262498
9487	25814.009011	53.707731	-0.313622	1.591221	11.004595
9489	25816.097020	48.550964	1.672549	1.551238	11.065348
9501	25828.626767	53.678529	-0.344571	1.589672	11.114728
9505	25832.804432	55.014938	-0.261136	1.603222	11.032930
9507	25834.892540	53.758668	-0.304258	1.587890	11.113932
9509	25836.982506	53.652974	-0.295987	1.587626	10.877639
9511	25839.071343	51.714966	-1.232139	1.580990	11.106843
9515	25843.248513	53.626885	-0.314528	1.586652	11.412270
9517	25845.337563	53.459855	-0.392568	1.583326	10.909911
9519	25847.426934	54.643057	-2.633006	1.596557	10.963105
9525	25853.692555	56.634676	0.490609	1.577266	11.265017
9533	25862.047937	54.270999	-0.355059	1.588721	10.761695
9535	25864.136328	53.154437	-2.898485	1.597829	11.414699
9539	25868.312932	53.868906	-0.279338	1.584587	11.168893
9541	25870.400697	55.034329	-0.237949	1.601586	10.934603
9543	25872.489382	52.313723	-6.598121	1.621427	11.384228
9549	25878.753576	53.833612	-0.292263	1.583322	10.969277
9551	25880.841339	53.418601	-0.292900	1.584672	10.847033
9553	25882.929196	53.709994	-0.281544	1.584083	10.612662
9555	25885.017262	54.084707	-0.364615	1.584603	10.837531
9557	25887.105923	53.750949	-0.328449	1.584121	11.170868
9559	25889.194291	52.066634	-1.302272	1.578879	10.880847
9561	25891.283524	54.137944	-0.218932	1.583139	10.936823
9563	25893.371448	53.053196	-0.258996	1.584046	10.991057
9567	25897.548860	54.310903	-0.382280	1.584138	11.087646
9575	25905.903164	55.320265	-0.257890	1.596169	11.792363
9577	25907.992240	54.325445	-0.144697	1.587675	10.975475
9579	25910.081023	53.854242	-0.321382	1.581676	10.900119
9581	25912.169428	52.404499	-0.289622	1.586546	11.517601
9587	25918.435669	53.392007	-0.362162	1.579973	11.320145
9591	25922.612619	52.469629	-0.089777	1.585936	10.914919
9599	25930.967195	57.022329	0.512434	1.572629	10.691588
9603	25935.143922	57.898165	1.615330	1.559558	10.734451
9607	25939.320824	53.129252	-0.181988	1.581380	11.379609
9609	25941.409032	55.419800	-0.262982	1.592702	10.941396
9617	25949.762096	54.005422	-0.189820	1.579425	10.984399
9623	25956.027738	54.257512	-0.290777	1.575978	11.294750
9627	25960.204776	53.966793	-0.248511	1.576398	11.003276
9631	25964.382019	55.700799	-0.244192	1.591615	10.869854
9633	25966.470601	54.336916	-0.381983	1.578603	11.008263
9635	25968.559025	53.900073	-0.263360	1.574637	11.321608
9641	25974.824761	53.703632	-0.353004	1.575840	11.110038
9643	25976.913786	52.073597	1.375551	1.553094	11.231346
9645	25979.002470	53.377330	-0.292189	1.577102	11.138665
9653	25987.356530	50.945064	-1.343117	1.561473	10.949037
9657	25991.533798	54.045818	-0.322712	1.573519	11.061083
9661	25995.710612	55.213833	-0.239050	1.589717	11.082618
9663	25997.798879	57.680232	1.635587	1.552310	11.141145
9667	26001.976662	53.859173	-0.308531	1.572492	10.848714
9669	26004.064742	52.343036	-0.086455	1.578650	10.893460
9671	26006.153217	53.219110	-0.142372	1.574184	10.993197
9675	26010.329980	53.545124	-0.322741	1.573359	11.032601
9677	26012.418265	53.665716	-0.248357	1.576387	11.060530
9679	26014.506923	53.841100	-0.336637	1.574053	10.895225
9681	26016.595595	63.353606	1.254871	1.563407	10.868803
9687	26022.860716	53.748888	-0.306772	1.572516	10.946808
9691	26027.037831	53.748651	-0.290513	1.571668	10.849818
9693	26029.126260	54.675733	-0.390425	1.574335	10.932200
9695	26031.214737	53.578418	-0.300911	1.570902	11.139710
9697	26033.302977	51.827713	-0.219780	1.580026	11.358733
9699	26035.391431	53.869486	-0.321782	1.572105	11.122231
9705	26041.656826	53.736390	-0.327596	1.571371	11.231470
9707	26043.745614	54.533956	-0.394214	1.570699	11.209658
9709	26045.834056	54.575525	-0.364937	1.573214	10.684198
9711	26047.922788	52.978755	0.703922	1.557104	11.200111
9713	26050.011089	52.849646	-0.145216	1.574189	11.064502
9717	26054.188385	53.886805	-0.299641	1.569935	11.197376
9719	26056.276716	53.727739	-0.317737	1.569648	10.953950
9721	26058.365645	53.772596	-0.305443	1.569401	11.272801
9723	26060.454115	54.366998	-0.373405	1.571696	10.921464
9725	26062.542768	53.353790	1.307471	1.552177	11.408223
9727	26064.631145	52.769913	-0.216817	1.572437	10.862122
9737	26075.074288	53.700445	-0.315985	1.568760	11.169463
9739	26077.162427	53.884972	-0.308249	1.568438	11.509717
9741	26079.251312	42.784417	-5.971278	1.560329	10.892448
9745	26083.428187	55.274835	-0.202931	1.583351	11.359909
9747	26085.516476	54.368699	-0.342510	1.569788	11.034739
9749	26087.604119	55.232271	1.439149	1.551866	10.848334
9757	26095.957100	54.387845	-0.213698	1.583411	10.880303
9759	26098.045423	54.493109	-0.375788	1.568151	10.610173
9761	26100.134258	48.174686	-2.172320	1.551785	11.037743
9765	26104.311100	53.706834	-0.299064	1.565866	10.851707
9769	26108.489391	54.763993	-0.223687	1.580614	11.350158
9771	26110.578030	54.003687	-0.268589	1.565527	11.370353
9777	26116.842809	55.145867	-0.262490	1.580060	11.095384
9787	26127.286450	54.061874	-0.270049	1.563249	11.351537
9797	26137.728655	53.859266	-0.257204	1.563939	11.378683
9803	26143.994192	53.912250	-0.339733	1.563659	11.294401
9805	26146.082679	54.444949	-0.380325	1.566082	11.138636
9807	26148.170889	53.650071	-0.369633	1.560258	11.045578
9809	26150.259146	40.573595	-6.296475	1.567545	11.024748
9811	26152.347754	52.500110	-0.197707	1.566620	10.984947
9815	26156.524810	53.560918	-0.295051	1.560310	11.176673
9817	26158.613355	51.891920	-1.767261	1.560127	11.018863
9829	26171.144621	51.578727	-0.149440	1.567184	11.070065
9831	26173.232831	53.861106	-0.311490	1.560026	11.166449
9833	26175.321002	53.460633	-0.215712	1.561743	10.994101
9835	26177.409731	52.109672	-0.168042	1.565622	10.961718
9839	26181.587005	55.337415	-0.249267	1.574832	10.977313
9841	26183.675688	54.843407	-0.221361	1.558050	10.923355
9843	26185.764238	51.989568	-2.566385	1.562743	11.176652
9845	26187.852797	53.707235	-0.343398	1.559617	11.076373
9849	26192.029842	53.581003	-0.192014	1.559972	10.975463
9853	26196.207258	53.544176	-0.336584	1.557995	11.529472
9857	26200.384469	55.681965	-0.239713	1.573705	10.923125
9859	26202.473064	53.598521	-0.304045	1.558981	11.033439
9867	26210.827199	54.190318	-0.305771	1.558456	10.921717
9875	26219.181432	54.168023	-0.346739	1.557338	11.060183
9877	26221.270106	47.955005	-1.704939	1.537951	11.279016
9883	26227.535552	53.809821	-0.251316	1.558255	10.897938
9885	26229.623789	53.658179	-0.294979	1.555889	11.014650
9887	26231.711935	53.520357	-0.336402	1.555219	10.837826
9889	26233.800365	47.746827	-4.354682	1.556025	11.252355
9893	26237.977238	55.392608	-0.226446	1.572146	11.150398
9901	26246.331086	53.790740	-0.240827	1.554249	10.970904
9907	26252.596426	54.762810	-0.206250	1.572322	10.967633
9909	26254.685226	53.811348	-0.272529	1.553935	11.095713
9911	26256.774059	53.565861	-0.250906	1.554835	11.076764
9923	26269.305290	55.568897	-0.246048	1.568892	10.844399
9925	26271.393941	53.394062	-0.129794	1.555247	10.878202
9927	26273.482755	53.735486	-0.223180	1.553162	11.253151
9929	26275.571063	55.355151	-0.235088	1.564812	10.969535
9931	26277.659543	56.022134	-0.554211	1.552152	10.918475
9933	26279.748247	53.830697	-0.248332	1.552068	10.831463
9937	26283.925385	55.665827	-0.248346	1.566257	10.641433
9939	26286.013791	54.709498	-0.373568	1.554828	11.094656
9943	26290.190743	53.356865	-0.243178	1.551734	11.099557
9947	26294.368288	54.424563	-0.327902	1.552957	11.377897
9953	26300.633571	55.518081	-0.247800	1.563612	11.290912
9955	26302.721947	52.521265	1.445871	1.522673	11.182486
9975	26323.606453	55.589592	-0.250931	1.564040	11.024632
9977	26325.694769	54.211242	-0.253944	1.550292	11.276053
9979	26327.783535	52.288410	-0.171634	1.552637	11.172870
9981	26329.872007	53.878000	-0.339548	1.548592	11.087709
9983	26331.960594	64.597412	1.189011	1.540503	11.107345
9987	26336.137775	54.594556	-0.384668	1.551888	11.280837
9989	26338.226252	53.871477	-0.317994	1.546997	11.154501
9991	26340.314813	54.959134	-0.350607	1.549207	11.358604
9993	26342.403320	53.985151	-0.331352	1.546751	11.067017
9995	26344.491792	54.267778	-0.261381	1.547397	11.114078
10003	26352.846067	53.741674	-0.261110	1.547304	10.915003
10007	26357.022908	53.909340	-0.338863	1.546858	10.826860
10009	26359.111308	54.650711	-0.252728	1.547102	10.929328
10011	26361.199744	52.823451	-0.151999	1.563238	11.224755
10013	26363.288464	54.654090	-0.357771	1.548708	10.918341
10015	26365.376940	54.160569	-0.344672	1.545933	11.007101
10017	26367.465512	53.900913	-0.307597	1.545271	11.270387
10023	26373.730986	53.746275	-0.246009	1.547842	10.831623
10025	26375.819405	53.795762	-0.361900	1.544802	11.129457
10027	26377.908069	54.876489	-0.201635	1.547649	10.946177
10035	26386.262708	54.400822	-0.211774	1.558699	11.048624
10037	26388.350982	53.894125	-0.330494	1.543204	11.034098
10039	26390.439974	55.778901	-0.247758	1.561998	11.471890
10043	26394.616614	52.672008	-0.164523	1.550060	11.601262
10047	26398.793503	52.674377	-0.209376	1.546905	11.086181
10057	26409.236231	53.391765	-0.264510	1.544958	10.818721
10059	26411.324712	54.762043	-0.225433	1.557402	11.031407
10065	26417.589927	53.785214	-0.339487	1.541584	10.791498
10067	26419.678537	53.760594	-0.341516	1.541230	11.078463
10069	26421.766910	54.667794	-0.284378	1.540978	10.644112
10073	26425.944030	55.475330	-0.256144	1.557193	11.284506
10075	26428.032481	53.928934	-0.346069	1.540962	11.106060
10077	26430.121132	54.278441	-0.369725	1.541549	10.878785
10079	26432.209634	53.361775	-0.689745	1.534063	11.059257
10083	26436.387006	56.305945	-0.226306	1.557476	10.733944
10085	26438.475526	53.037177	-0.316791	1.542893	11.138179
10093	26446.830171	54.045591	-0.262443	1.539159	11.605258
10101	26455.184558	54.050288	-0.273751	1.539226	11.484417
10109	26463.538508	56.057416	1.472262	1.520797	11.120265
10111	26465.626663	53.718369	-0.369407	1.538335	11.227561
10113	26467.715046	53.905720	-0.286517	1.537594	10.829239
10127	26482.334447	53.248030	-0.269690	1.538345	11.152405
10129	26484.422615	53.204556	-0.284931	1.538429	10.749869
10131	26486.511275	53.036410	-0.176487	1.539489	11.049461
10133	26488.599417	52.774160	-0.217884	1.539483	10.544451
10139	26494.865476	54.604912	-0.211922	1.550548	11.433095
10141	26496.953779	56.350245	1.532052	1.521717	11.044881
10143	26499.042336	54.175598	-0.275651	1.534092	10.942152
10149	26505.307890	52.884216	-0.295232	1.539696	11.164620
10151	26507.396747	53.206408	-0.200560	1.536988	11.042972
10153	26509.485418	55.419733	-0.257234	1.550614	11.252474
10159	26515.751302	55.156933	-0.234954	1.550728	10.882561
10161	26517.839767	54.620336	-0.375626	1.536738	11.288492
10163	26519.928672	53.359892	-2.268819	1.540227	10.947271
10165	26522.017189	53.725614	-0.256764	1.537227	10.710447
10167	26524.105786	54.113383	-0.286381	1.532236	11.103341
10177	26534.548371	55.715916	-0.232112	1.548963	11.299223
10181	26538.725373	53.743892	-0.198335	1.533520	10.813524
10183	26540.814014	53.840395	-0.208851	1.533456	11.303170
10185	26542.902176	50.981729	-0.009281	1.538386	11.109347
10189	26547.079404	55.754857	-0.231705	1.547219	10.687404
10191	26549.167784	53.833737	-0.298994	1.532291	11.100945
10193	26551.255878	53.791649	-0.287156	1.531236	10.947179
10195	26553.344787	54.153719	-0.305142	1.532261	11.076462
10197	26555.432876	55.006661	-0.415041	1.534739	10.879509
10199	26557.521546	53.832516	-0.306045	1.530963	11.084805
10201	26559.609884	53.811602	-0.327381	1.531440	11.137734
10203	26561.698537	54.201069	-0.256145	1.532009	11.005988
10205	26563.786882	54.152906	-0.293737	1.530905	11.007249
10207	26565.875395	52.995967	-0.226417	1.534224	11.030736
10211	26570.052577	53.809842	-0.301856	1.530137	11.224222
10213	26572.141064	54.191276	-0.310332	1.531619	10.951352
10215	26574.229808	54.394109	-0.327898	1.531995	10.985248
10225	26584.672624	55.362092	-0.229967	1.543922	11.136791
10227	26586.761164	53.970697	-0.294544	1.529603	11.218533
10235	26595.115528	53.151945	-0.284956	1.530604	11.227682
10239	26599.292648	53.873322	-0.262655	1.530555	11.169415
10257	26618.089137	54.169453	-0.296405	1.526864	11.164213
10267	26628.531473	53.347923	-0.171967	1.528549	10.932119
10271	26632.708494	53.954259	-0.198222	1.526207	11.303091
10273	26634.797133	53.842003	-0.330999	1.525635	10.993160
10275	26636.885699	53.580464	0.515913	1.514811	11.506812
10285	26647.328606	53.394074	-0.292854	1.528152	11.481735
10287	26649.417423	55.118926	-0.250097	1.539296	10.976616
10291	26653.594433	55.629422	-0.246279	1.539015	10.650188
10293	26655.683443	54.934445	1.481211	1.504392	10.897880
10295	26657.771805	53.938163	-0.252590	1.524465	11.265477
10297	26659.860397	53.342482	-0.263555	1.524201	11.163494
10299	26661.949059	53.779854	-0.349449	1.523499	10.936686
10301	26664.037501	54.663658	-0.319199	1.522546	10.765949
10303	26666.126373	54.797713	-0.372274	1.525830	11.103737
10309	26672.391882	53.458335	-0.262023	1.523882	10.916263
10311	26674.480437	53.436319	-0.349467	1.521616	11.206993
10313	26676.568988	55.092698	-0.383686	1.527140	10.846543
10315	26678.657020	59.788287	1.475458	1.497270	11.183875
10319	26682.833995	55.871789	-0.231440	1.532640	11.168681
10321	26684.922418	54.728877	-1.937097	1.522992	10.764179
10333	26697.453167	53.872922	-0.325366	1.520947	11.013675
10335	26699.541513	54.042685	-0.294316	1.520343	11.011903
10337	26701.629844	54.338267	-0.319576	1.522686	11.091014
10339	26703.718609	51.496224	-2.414310	1.519296	11.097489
10343	26707.895856	53.522795	-0.223877	1.525751	11.269566
10345	26709.984308	54.936509	-0.212194	1.533490	10.978718
10347	26712.072689	54.743234	-0.410482	1.516899	11.221293
10351	26716.250001	53.915319	-0.283040	1.519011	11.364247
10353	26718.338327	53.831269	0.831443	1.506828	11.515617
10355	26720.426976	53.900915	-0.287574	1.520946	10.671366
10357	26722.515674	52.286467	-0.111902	1.525266	10.686125
10359	26724.604129	52.558948	-0.214972	1.524674	10.813278
10365	26730.869850	53.919656	-0.311825	1.519009	10.756139
10367	26732.958432	54.593323	-0.347445	1.520158	11.332325
10369	26735.046952	53.911793	-0.314847	1.518924	11.048186
10371	26737.135513	54.843495	-0.403199	1.520723	11.166971
10373	26739.224108	55.046842	-0.385146	1.521419	10.944685
10375	26741.312512	53.772794	-0.325192	1.518365	10.860869
10377	26743.401159	54.438220	-0.290398	1.520065	10.906128
10379	26745.489516	54.001650	-0.288981	1.516490	10.799351
10381	26747.578267	54.581128	-0.338837	1.520323	11.195259
10383	26749.666626	53.876001	-0.316586	1.516932	10.622965
10385	26751.755347	53.415753	-2.177232	1.522417	11.132152
10387	26753.843735	52.924921	-0.185248	1.519860	10.806654
10389	26755.932465	55.607674	-0.204908	1.533415	11.079726
10401	26768.463404	53.753874	-0.355142	1.516898	11.188476
10403	26770.552500	54.619314	-0.320359	1.519774	10.967599
10405	26772.640420	54.441479	-0.313881	1.517571	11.373325
10407	26774.728708	54.374708	-0.252257	1.517259	11.182015
10409	26776.817882	50.759051	-0.032896	1.525789	10.793346
10413	26780.994982	53.864233	-0.222300	1.516145	11.016765
10415	26783.083070	53.651146	-0.207039	1.517676	11.577956
10421	26789.349039	54.082825	-0.346287	1.514187	11.408561
10423	26791.437572	53.899693	-0.321309	1.514656	10.714299
10425	26793.526273	54.040697	-0.274626	1.514846	11.476961
10427	26795.613957	53.714322	-0.271590	1.514576	11.131930
10433	26801.879817	53.516919	-0.336467	1.512798	11.373101
10437	26806.057279	53.957551	-0.273606	1.514572	10.691918
10441	26810.234216	54.319116	-0.261695	1.512037	11.461518
10445	26814.411672	53.701387	-0.331877	1.512320	11.115358
10447	26816.500288	54.777677	-0.422106	1.514782	11.159563
10449	26818.589089	53.122044	-0.312003	1.508339	10.650308
10451	26820.677897	53.857180	-0.336320	1.512492	10.710262
10453	26822.766423	52.896867	0.252904	1.500322	11.072784
10455	26824.855051	53.802549	-0.351460	1.512560	11.264750
10457	26826.943650	51.815023	-0.909458	1.502402	11.110641
10461	26831.120478	53.375559	-0.330542	1.510203	10.634931
10465	26835.297449	53.973386	-0.310195	1.511772	10.616301
10467	26837.385812	56.248055	1.601308	1.488517	11.100969
10471	26841.562786	53.389249	-0.287326	1.513951	10.928060
10473	26843.651004	53.736332	-0.308519	1.510840	11.124658
10477	26847.827580	53.624010	-0.290145	1.511140	10.731236
10481	26852.004641	55.423607	-0.208669	1.528847	11.210170
10483	26854.092931	54.778852	-0.367049	1.513620	10.978853
10485	26856.181684	53.595889	-0.301728	1.512061	11.171406
10487	26858.269888	53.598387	-0.267910	1.508705	11.037625
10489	26860.358502	52.961440	0.049082	1.497651	11.057127
10491	26862.446692	55.628174	-0.231835	1.525616	11.158410
10493	26864.535236	53.605459	-0.281462	1.511857	11.067086
10495	26866.623868	53.585072	-0.292178	1.509825	10.817027
10499	26870.801019	48.913750	0.155421	1.520289	11.213166
10501	26872.889623	55.097073	-0.232178	1.522835	11.081062
10503	26874.978594	51.656439	-2.060244	1.505205	10.952193
10505	26877.066882	53.667856	-0.350495	1.507949	11.051932
10507	26879.155616	54.926963	1.547699	1.488428	10.904274
10511	26883.333194	54.998795	-0.246068	1.520948	11.159493
10513	26885.421768	54.629275	-0.384240	1.508553	11.142506
10517	26889.599495	53.617369	-0.359345	1.507434	10.917960
10519	26891.688585	53.948381	-0.171013	1.500425	11.402966
10521	26893.777447	53.603422	-0.341842	1.506529	11.318445
10523	26895.865872	55.882460	1.364356	1.489988	10.616140
10525	26897.954564	54.247092	-0.250798	1.507173	10.978744
10527	26900.042986	55.477284	-0.222219	1.520693	11.316623
10529	26902.131564	53.785441	-0.291818	1.507802	10.959589
10533	26906.308359	55.716465	-0.235056	1.520993	11.069003
10535	26908.396772	54.412986	-0.254167	1.509046	11.049193
10537	26910.484901	53.888592	-0.358638	1.507202	10.701542
10539	26912.573337	54.451303	-0.334896	1.508326	11.041457
10541	26914.661527	54.793093	-0.890994	1.504199	11.516100
10543	26916.749676	53.625050	-0.270357	1.504288	11.501974
10545	26918.837944	54.699952	0.429005	1.487937	10.873504
10547	26920.926687	56.063463	-0.229139	1.521867	11.303914
10549	26923.014779	54.630000	-0.349246	1.508260	11.139485
10551	26925.103401	59.275211	1.622228	1.490436	11.056643
10553	26927.191255	55.339046	-0.205336	1.524106	10.807628
10555	26929.280193	53.974236	-0.302045	1.505526	10.988955
10557	26931.368510	53.981785	-0.348597	1.505209	11.351831
10559	26933.456875	53.579418	-0.313006	1.505511	10.735115
10561	26935.545516	53.713131	-0.357471	1.504095	10.991183
10563	26937.634002	54.041485	-0.274527	1.504926	10.741229
10565	26939.722903	53.043592	-0.171219	1.507046	11.048178
10573	26948.077449	53.975249	-0.258062	1.503437	10.822949
10575	26950.166215	53.601006	-0.259996	1.504233	11.177643
10579	26954.343529	55.740545	-0.254261	1.516619	11.420474
10581	26956.432435	48.286800	1.953527	1.454665	11.007657
10583	26958.520956	53.518803	-0.341176	1.501559	11.060782
10585	26960.609421	54.570901	-0.361612	1.504079	10.735867
10587	26962.698021	54.149210	-0.270694	1.502413	10.687259
10589	26964.786687	53.718716	-0.267598	1.502924	11.076004
10593	26968.963531	53.704639	-0.323172	1.502272	10.864062
10595	26971.052334	53.892223	-0.358887	1.502578	11.326841
10597	26973.140747	53.471215	-0.330318	1.500349	11.214305
10601	26977.317547	53.756397	-0.358464	1.501984	10.939305
10603	26979.406013	53.822681	-0.336483	1.501582	10.818118
10605	26981.494227	53.895853	-0.333916	1.501497	11.214432
10607	26983.582440	53.787980	-0.319885	1.500757	10.982372
10613	26989.847773	53.964219	-0.291504	1.500989	11.014406
10617	26994.024775	52.944327	-0.260725	1.503408	10.988577
10619	26996.113270	53.282959	-0.257431	1.502964	10.710330
10621	26998.201838	54.244181	-0.142057	1.522592	10.913408
10623	27000.290255	55.775110	1.739874	1.481126	10.972210
10629	27006.555876	54.308949	-0.318386	1.498981	11.065469
10631	27008.643953	53.891513	-0.346397	1.499668	11.142313
10633	27010.732757	54.435716	-0.367837	1.500251	10.812733
10635	27012.821618	52.556062	-0.300603	1.504518	11.036574
10637	27014.910092	54.693974	-0.174390	1.517203	11.182152
10639	27016.998746	53.744395	-0.338651	1.498400	11.210098
10641	27019.087493	54.252754	-0.352473	1.498777	11.123222
10643	27021.176473	47.905632	-5.120016	1.500764	10.946512
10645	27023.265173	55.460873	-0.222145	1.518831	11.315745
10647	27025.353721	55.983458	-0.297882	1.497478	10.843886
10649	27027.442711	60.293385	1.448359	1.462839	10.798651
10653	27031.620261	55.700803	-0.271406	1.511989	11.040276
10655	27033.709492	54.544444	-0.382098	1.498231	10.767162
10657	27035.798283	53.938206	-0.350278	1.496200	11.332552
10659	27037.887362	54.794567	-0.430780	1.498181	11.024374
10661	27039.975548	52.523870	-0.917293	1.490995	10.990953
10663	27042.064180	55.715966	-0.255661	1.510107	11.495502
10665	27044.152835	53.818815	-0.312028	1.496688	11.139167
10667	27046.241392	52.606757	-0.308163	1.501803	11.080023
10669	27048.329753	53.349503	-0.297576	1.497557	11.141957
10671	27050.417814	53.818359	-0.263640	1.496153	11.003381
10673	27052.506400	53.657276	-0.385222	1.496369	11.016377
10675	27054.594238	54.297396	-0.229911	1.498679	10.892113
10683	27062.947142	54.462828	-0.346357	1.494444	11.466658
10687	27067.123895	53.967005	-0.297379	1.495527	10.646881
10689	27069.212706	53.789085	-0.325664	1.494854	11.534551
10691	27071.300652	52.880547	-2.641373	1.498692	11.350321
10693	27073.388926	52.793050	-0.088764	1.511694	10.994355
10695	27075.477694	52.161299	-0.289143	1.502899	10.634415
10697	27077.565906	52.514095	-0.168474	1.500053	10.998474
10701	27081.743268	55.569742	-0.257735	1.507754	11.083644
10703	27083.831920	54.047490	-0.283379	1.493987	11.063087
10705	27085.920829	54.368900	-0.302563	1.494909	10.828854
10713	27094.275220	55.310407	-0.225205	1.508247	10.956063
10715	27096.363673	54.227576	-0.329908	1.494052	10.967532
10717	27098.452520	54.166404	-0.266459	1.494339	11.084149
10725	27106.806998	53.856275	-0.270866	1.493766	10.842205
10729	27110.984234	54.126176	-0.115262	1.519982	11.202278
10731	27113.073037	48.434553	1.860217	1.445407	11.023127
10735	27117.249609	53.676890	-0.350129	1.491326	11.371134
10737	27119.338121	54.146739	-0.303222	1.492576	10.816382
10747	27129.780462	54.141786	-0.130358	1.511366	11.286144
10749	27131.868595	54.595260	-0.293609	1.494970	11.029756
10751	27133.957109	50.086778	-0.269563	1.468815	11.180792
10753	27136.045560	53.747945	-0.305899	1.489859	10.804143
10755	27138.133976	54.456501	-0.324461	1.492712	11.311805
10757	27140.222516	53.928757	-0.325764	1.490036	11.216378
10759	27142.311065	53.939678	-2.429811	1.492975	10.910707
10763	27146.487983	53.445102	-0.274794	1.487113	11.376400
10767	27150.665067	53.177820	-0.240089	1.492598	10.891846
10775	27159.019466	54.074098	-0.244108	1.489020	10.977631
10781	27165.285536	55.324026	-0.245279	1.504146	11.059459
10783	27167.374451	52.463951	-0.183422	1.464148	11.216532
10785	27169.462930	56.498942	-0.183351	1.503388	11.331188
10787	27171.551894	53.758903	-0.346521	1.487344	10.652584
10789	27173.640311	50.410504	-2.813421	1.483406	11.166154
10793	27177.817579	53.568447	-0.237698	1.489389	10.805035
10797	27181.994843	53.687819	-0.360731	1.487209	10.622060
10799	27184.083503	58.332489	1.400702	1.475498	10.908112
10801	27186.171737	55.656867	-0.234246	1.503168	11.007496
10803	27188.260108	52.806241	-0.006317	1.473531	11.106667
10811	27196.614012	53.625032	-0.284792	1.486466	10.947186
10815	27200.790783	54.966013	-0.217512	1.497532	11.074509
10817	27202.879290	53.632338	-0.334161	1.486661	11.178014
10823	27209.144810	55.326092	-0.203883	1.501379	10.891552
10825	27211.233348	53.809955	-0.325976	1.484992	10.979767
10827	27213.321663	53.768694	-0.352352	1.484983	11.205738
10829	27215.410357	50.949740	-3.126997	1.483545	11.142421
10845	27232.119453	51.782028	-3.328378	1.490140	11.098450
10847	27234.207879	53.540064	-0.333849	1.482521	10.574118
10849	27236.296660	54.781063	-0.362259	1.484954	11.058047
10851	27238.385261	54.753924	-0.377369	1.486109	11.347387
10855	27242.562431	55.690735	-0.216600	1.499140	10.681581
10857	27244.650686	54.669096	-0.331026	1.484414	11.142782
10859	27246.739229	54.202355	-0.288841	1.482532	10.744027
10861	27248.828084	35.955585	1.495902	1.368866	11.089983
10865	27253.004866	55.316964	-0.224128	1.497347	11.032506
10867	27255.093584	53.374019	-0.219979	1.479203	10.942240
10869	27257.181772	52.094474	0.090237	1.465817	11.605436
10871	27259.270207	53.901254	-0.261440	1.482899	11.052582
10877	27265.535421	55.492002	-0.230241	1.494617	11.357812
10879	27267.624020	53.787516	-0.299535	1.482473	11.226369
10889	27278.066204	55.073152	-0.219351	1.495783	11.173325
10895	27284.332132	53.273115	-0.284114	1.481853	11.312271
10903	27292.686821	52.546499	-0.158515	1.484957	10.776985
10905	27294.775663	55.999092	-0.220575	1.494084	10.987101
10907	27296.864270	54.689433	-0.342110	1.480363	10.996355
10911	27301.041788	55.877351	-0.262960	1.493440	11.285418
10913	27303.130248	53.606708	-0.286781	1.473663	11.222324
10917	27307.307388	55.960991	-0.298731	1.491413	10.941202
10923	27313.573052	53.988588	-0.277429	1.479115	10.823520
10925	27315.661535	56.150176	-0.240233	1.493236	10.969371
10935	27326.103607	55.159446	-0.193520	1.493624	10.870235
10937	27328.192123	54.306772	-0.287756	1.478586	10.540480
10939	27330.280141	57.454903	1.267187	1.462655	11.031780
10941	27332.368793	53.523471	-0.219031	1.479143	11.248592
10949	27340.723202	53.575554	-0.355300	1.476587	11.219638
10951	27342.811534	53.480621	-0.227002	1.477761	11.035226
10959	27351.166038	54.198799	-0.276304	1.476335	11.186529
10961	27353.255010	54.258740	-0.110898	1.493508	11.172444
10963	27355.343593	54.317121	-0.313227	1.477134	11.246830
10965	27357.432038	53.806432	-0.350501	1.472961	11.365348
10967	27359.520787	52.409793	1.685327	1.447408	11.067974
10969	27361.609508	53.835037	-0.291093	1.476168	11.329050
10973	27365.786609	54.136216	-0.142674	1.475981	11.013593
10975	27367.875306	53.724319	-0.336773	1.474761	11.083221
10979	27372.052314	53.173876	-0.222426	1.477300	11.087500
10983	27376.229518	52.220948	-0.181398	1.480183	11.039185
10985	27378.318128	51.635811	-0.161261	1.481682	11.053875
10987	27380.406341	54.507620	-0.318872	1.475091	10.670383
10997	27390.848373	55.987672	-0.238346	1.487805	11.706170
10999	27392.937386	45.048437	1.172294	1.413875	10.920672
11001	27395.025474	54.779946	-0.147305	1.498019	11.104275
11009	27403.379285	53.998904	-0.280451	1.471881	11.288117
11013	27407.556780	55.441193	-0.221843	1.487906	10.904396
11017	27411.733955	55.630401	-0.253087	1.485811	11.294313
11025	27420.088625	53.661947	-0.350145	1.470485	10.899390
11027	27422.177147	54.360524	-0.287694	1.471185	11.269568
11029	27424.265945	53.975116	-0.331399	1.470642	11.362698
11031	27426.354436	53.655133	-0.258117	1.473190	11.425833
11033	27428.443001	53.572355	-0.223391	1.472067	11.214542
11037	27432.620050	53.174216	-0.273665	1.473210	11.146326
11043	27438.885597	53.768319	-0.353182	1.469920	10.873224
11049	27445.151018	54.207367	-0.275524	1.472032	11.193368
11053	27449.327763	54.030026	-0.269884	1.471613	11.194945
11055	27451.416271	54.311448	-0.253761	1.471053	11.090746
11059	27455.593401	53.601115	-0.236801	1.471092	11.125672
11061	27457.681653	53.231105	-0.279134	1.471057	10.934507
11065	27461.858831	54.961225	-0.190404	1.481900	11.098693
11067	27463.947106	55.025435	-0.409807	1.471173	11.046553
11069	27466.035945	52.810359	-1.244077	1.462834	10.850375
11079	27476.478923	55.786789	-0.192116	1.488756	11.147463
11081	27478.567501	54.629185	-0.245406	1.468285	10.970932
11083	27480.656245	55.424415	-0.213050	1.481139	10.948607
11085	27482.745105	52.355696	-3.881552	1.475963	11.089670
11087	27484.833803	54.098146	-0.269362	1.467038	11.157163
11091	27489.011306	52.861993	-0.222732	1.469531	10.761579
11099	27497.366041	53.840321	-0.258364	1.465845	11.231847
11101	27499.454641	53.978006	-0.361305	1.466541	10.864755
11105	27503.631771	53.694396	-0.260394	1.467139	10.828739
11107	27505.720295	53.016565	-0.212831	1.469510	10.884978
11111	27509.897085	53.265739	-0.227559	1.467545	10.981190
11119	27518.250256	53.997268	-0.204811	1.465480	11.225247
11121	27520.339069	53.826027	-0.322048	1.464591	11.218665
11123	27522.427455	53.182931	-0.230277	1.459346	10.921791
11127	27526.604473	55.662154	-0.218410	1.479389	10.923457
11129	27528.692599	53.725618	-0.270790	1.467009	10.857123
11131	27530.780924	52.829759	-0.263971	1.467180	11.429001
11137	27537.046135	53.778602	-0.360128	1.463937	11.228164
11139	27539.134505	53.224679	-0.246502	1.469503	11.079813
11141	27541.223599	53.938211	-0.331203	1.463539	10.720223
11143	27543.311999	53.493628	-0.281572	1.460245	11.234610
11145	27545.400263	55.024733	-0.351506	1.466658	10.909205
11147	27547.489057	54.018534	-0.306163	1.463440	11.137403
11153	27553.754989	54.043582	-0.359321	1.463332	11.071456
11155	27555.843183	56.264546	-0.250655	1.457798	11.160202
11157	27557.931956	55.932499	-0.253557	1.479197	10.664476
11159	27560.020823	55.663922	1.191851	1.442512	10.986486
11167	27568.374985	51.218780	-0.105789	1.470579	11.253978
11169	27570.463869	53.879969	-0.246809	1.462484	11.035623
11171	27572.552836	53.659556	-0.254882	1.462584	10.852359
11173	27574.641393	55.072414	-0.224325	1.476484	11.279968
11175	27576.729822	54.324776	-0.349927	1.460507	10.845188
11177	27578.818799	62.707670	1.214812	1.448181	10.803641
11187	27589.261120	53.827342	-0.327247	1.459701	11.160708
11191	27593.437986	52.725111	-0.211105	1.463865	10.801264
11193	27595.526315	53.609415	-0.326818	1.459243	10.944224
11195	27597.614857	53.103841	-3.330669	1.468003	11.254261
11199	27601.791674	53.827060	-0.314594	1.458847	10.920975
11203	27605.968510	54.485466	-0.152729	1.477499	10.973560
11205	27608.056877	50.966879	0.026958	1.433483	10.981914
11207	27610.145635	55.549112	-0.235358	1.475802	10.880879
11209	27612.234450	55.031404	-0.389828	1.461891	10.803539
11211	27614.322642	52.536607	-0.234938	1.452078	11.387364
11213	27616.411052	54.547983	-0.368487	1.460559	10.993599
11215	27618.499785	55.545860	0.009290	1.443304	10.971003
11217	27620.588348	54.988251	-0.208184	1.475291	11.067488
11219	27622.676935	53.445313	-0.300251	1.461913	11.084844
11221	27624.765842	56.095961	-0.221878	1.471994	11.067810
11227	27631.031304	54.697177	-0.231333	1.474922	11.084593
11229	27633.120327	42.393726	1.322984	1.382880	11.219202
11235	27639.386478	53.256910	-0.275943	1.458254	11.177525
11237	27641.474967	54.479876	-0.115524	1.474792	10.794866
11239	27643.563880	53.607679	-0.911618	1.452499	11.072378
11241	27645.652270	54.035876	-0.293452	1.455792	11.057675
11247	27651.918545	53.849036	-0.401600	1.456802	11.132546
11249	27654.006851	54.441919	-0.212678	1.457058	11.118195
11251	27656.095224	55.030333	-0.217344	1.469147	10.936360
11253	27658.184300	54.563234	-0.307100	1.457739	11.191518
11255	27660.272574	54.795486	-0.327627	1.457603	11.083997
11257	27662.360760	53.708809	-0.342018	1.455147	11.108095
11259	27664.449184	53.580347	-1.965914	1.457541	10.977892
11261	27666.537546	56.375892	-0.230059	1.474039	11.059798
11263	27668.625841	54.480407	-0.239086	1.458087	10.994199
11265	27670.714330	53.436057	-0.225409	1.458380	10.964564
11269	27674.891221	56.158043	-0.213740	1.468807	11.110658
11273	27679.068015	55.700090	-0.225472	1.468147	11.580255
11275	27681.156367	53.998018	-0.353197	1.454963	10.813679
11281	27687.421719	55.214878	-0.218740	1.468293	11.109591
11283	27689.510331	54.780161	-0.354996	1.456356	10.908724
11285	27691.599203	54.512611	-0.328387	1.454888	11.123392
11287	27693.687863	53.656606	-0.319921	1.453983	11.096202
11289	27695.776117	55.365931	-0.220663	1.468265	10.913530
11291	27697.864725	53.886607	-0.360086	1.453190	11.184752
11293	27699.953680	53.737013	-0.343385	1.448703	11.143220
11295	27702.042131	50.591094	-2.315598	1.444388	10.949784
11297	27704.130996	53.061945	-0.286771	1.455095	11.397903
11301	27708.307938	55.188920	-0.214182	1.470673	11.146710
11303	27710.397047	53.852859	-0.275770	1.455419	11.068966
11305	27712.485359	55.773574	-0.207163	1.467823	11.080975
11311	27718.751369	54.695656	-0.129913	1.469639	11.179899
11313	27720.839799	53.998660	-0.297949	1.451121	10.886841
11315	27722.928453	54.351140	-0.284073	1.452151	11.184749
11317	27725.017279	50.828157	1.134164	1.414441	10.850474
11331	27739.636055	53.528505	-0.337187	1.449375	10.979455
11337	27745.901622	55.141349	-0.189417	1.468207	11.125289
11339	27747.990038	50.588307	-2.895775	1.445573	11.056552
11341	27750.078998	55.110719	-0.214133	1.463733	10.904914
11343	27752.167612	48.637164	0.996457	1.405232	11.117483
11351	27760.521892	53.431220	-0.268161	1.451019	11.085628
11359	27768.875988	52.821818	-0.306683	1.445562	11.226680
11361	27770.964526	53.767861	-0.300115	1.450540	11.081356
11363	27773.053414	53.547733	-0.298610	1.449463	10.790887
11369	27779.319298	53.478515	-0.232579	1.450399	11.005699
11375	27785.584559	55.664286	-0.223099	1.461771	10.881727
11389	27800.204856	53.839475	-0.310971	1.446268	10.992467
11393	27804.381641	53.345476	-0.311674	1.448519	10.948633
11395	27806.470263	53.558103	-0.277202	1.447662	11.349341
11399	27810.646885	55.418282	-0.168766	1.465577	11.230193
11401	27812.735587	53.928166	-0.339475	1.446336	10.813166
11403	27814.823955	53.090240	-1.678134	1.442131	11.041517
11407	27819.001415	55.488264	-0.203782	1.464082	10.780509
11409	27821.090047	52.992839	-0.257477	1.441184	11.307458
11411	27823.178873	54.192591	1.495785	1.424622	11.119983
11415	27827.356207	55.631535	-0.235465	1.456675	10.937334
11417	27829.444423	54.082152	1.346473	1.426204	10.984633
11419	27831.533194	53.669363	-0.272292	1.446870	10.905965
11427	27839.887866	53.784060	-0.317346	1.443674	10.976050
11431	27844.064388	54.009989	-0.223044	1.445566	10.888139
11437	27850.329825	53.872171	-0.338919	1.443897	10.982595
11441	27854.506707	55.656473	-0.246592	1.457965	11.209721
11443	27856.595164	54.629082	-0.306768	1.445505	10.886624
11445	27858.683700	53.502675	-0.287468	1.443932	11.015016
11447	27860.772220	55.287655	-0.170837	1.459145	11.171196
11449	27862.860584	53.966988	-0.337887	1.443295	11.169839
11451	27864.949172	55.747175	1.282792	1.422728	11.033239
11453	27867.037832	55.736119	-0.219496	1.459236	11.194065
11455	27869.126215	54.368662	-0.309871	1.442809	11.046332
11463	27877.480337	55.667598	-0.232288	1.455416	11.192116
11467	27881.657662	54.152627	-0.292803	1.441200	11.112648
11469	27883.746346	54.057770	1.764060	1.416946	11.093635
11471	27885.834616	53.822859	-0.302147	1.442450	10.935848
11479	27894.189489	54.612716	-0.117127	1.460676	11.039950
11481	27896.277839	54.981259	-0.095809	1.433144	11.098039
11491	27906.721942	52.885460	-0.262907	1.442981	11.064606
11495	27910.899081	53.804688	-0.380552	1.440284	11.153322
11497	27912.987881	47.973816	-5.149737	1.440044	11.176123
11499	27915.075849	53.069683	-0.218998	1.443478	11.459722
11507	27923.429970	51.658345	0.131664	1.468811	11.088007
11509	27925.518467	53.399127	-0.243259	1.438262	11.142275
11517	27933.871606	55.106574	-0.196479	1.452036	11.134928
11519	27935.960001	54.136607	-0.371720	1.429999	11.014293
11525	27942.225346	54.131102	-0.360020	1.438422	11.570004
11527	27944.313849	53.878720	-0.348860	1.438747	10.958630
11529	27946.402415	49.309988	1.333986	1.391800	11.084629
11531	27948.490736	53.736313	-0.382493	1.438195	10.964193
11533	27950.579440	53.632367	-2.335202	1.440679	10.894625
11535	27952.668135	52.986059	-0.224946	1.441347	10.977652
11541	27958.933947	55.572577	-0.196296	1.454194	11.255617
11543	27961.022562	53.715876	-0.363982	1.436348	11.281548
11545	27963.111402	54.489466	-0.385496	1.435796	11.287389
11551	27969.377814	56.222113	-0.265677	1.452221	11.193967
11557	27975.644229	54.022896	-0.103719	1.455104	10.999595
11559	27977.733154	49.476326	0.731791	1.398915	11.166047
11561	27979.821724	55.988786	-0.253851	1.449472	11.050492
11563	27981.910358	54.813383	-0.336314	1.435181	10.730472
11565	27983.999349	55.865776	1.419882	1.417465	11.013905
11567	27986.087545	56.364024	-0.252286	1.448835	11.266669
11569	27988.175929	52.800953	1.541222	1.406246	10.830799
11571	27990.264332	53.139351	-0.249874	1.438160	10.798371
11573	27992.352843	53.893835	-0.357398	1.435612	10.492498
11581	28000.706214	53.815725	-0.284512	1.435827	10.931688
11583	28002.794317	53.574375	-0.268792	1.435983	11.005701
11589	28009.059412	53.872323	-0.323178	1.434540	11.117007
11591	28011.147903	52.506144	-0.152650	1.428826	11.196186
11593	28013.236690	53.555671	-0.322308	1.437020	11.189546
11597	28017.413716	53.740287	-0.369388	1.433466	11.006869
11599	28019.501939	53.883132	-0.362211	1.433577	11.329749
11601	28021.590409	65.309619	1.138145	1.413861	11.055642
11603	28023.679303	54.237448	-0.076697	1.457864	11.095810
11607	28027.856403	53.733135	-0.324662	1.434126	11.174445
11609	28029.945026	55.331396	-0.251391	1.447744	11.069842
11611	28032.033746	54.778098	-0.397704	1.432916	10.791992
11613	28034.122335	54.549891	-0.385182	1.432988	11.184091
11617	28038.299967	53.816889	-0.414032	1.431873	10.966031
11619	28040.388833	54.270608	-0.305350	1.433548	10.975616
11621	28042.477507	52.820937	-0.317615	1.434022	10.780067
11623	28044.566208	54.507112	-0.223937	1.430922	10.835039
11627	28048.743852	56.058355	-0.256500	1.445245	10.844029
11629	28050.832524	53.539595	-0.365214	1.429253	11.024490
11631	28052.921539	54.933251	-1.541952	1.427158	11.091373
11633	28055.010060	53.498655	-0.295909	1.431890	11.091295
11637	28059.186569	53.604629	-0.441639	1.430617	11.126409
11645	28067.540603	55.097271	-0.209315	1.440114	11.118277
11647	28069.628802	54.518801	-0.304270	1.432466	10.810662
11655	28077.982152	53.709163	-0.270998	1.430947	10.637221
11665	28088.424158	55.527665	-0.213510	1.447683	11.162141
11667	28090.512957	53.991034	-0.287376	1.427531	11.155736
11669	28092.601316	54.295829	-0.258049	1.432932	11.147882
11675	28098.867338	56.056723	-0.289147	1.441286	11.239297
11677	28100.955911	58.264887	1.321162	1.412815	11.257940
11679	28103.044717	56.080979	-0.273715	1.443925	11.249204
11681	28105.133524	53.671628	-0.355651	1.426655	11.316987
11685	28109.310838	54.151093	-0.128805	1.449078	11.241233
11687	28111.400120	60.252612	1.355984	1.396720	11.144042
11691	28115.577629	52.138637	-0.148427	1.432763	11.054614
11695	28119.754795	53.898296	-0.247537	1.429171	11.050856
11703	28128.108891	56.063384	-0.187077	1.444451	11.125915
11707	28132.285933	53.389453	-0.267283	1.428379	10.870857
11709	28134.374089	53.745047	-0.331168	1.425246	11.001032
11711	28136.462020	46.856099	2.317337	1.358504	10.990008
11713	28138.550573	53.600926	-0.313073	1.427230	10.968397
11717	28142.727076	54.058479	-0.099362	1.450708	10.864109
11719	28144.815518	51.131414	1.867837	1.389746	11.043583
11721	28146.904076	56.002638	-0.219331	1.440906	11.279548
11723	28148.992678	53.940510	-0.276402	1.428023	10.770364
11725	28151.081024	55.410076	-0.159996	1.441386	10.774448
11727	28153.169716	53.517850	1.583342	1.398900	11.144765
11729	28155.258219	53.840421	-0.378822	1.425140	11.071649
11731	28157.346917	54.269518	-0.287357	1.424577	10.882284
11733	28159.435551	54.015405	-0.284051	1.426338	11.116004
11735	28161.523947	54.863915	-0.300756	1.426876	11.102258
11737	28163.612617	53.866435	-0.302952	1.425636	11.183211
11739	28165.701072	55.916183	-0.263448	1.439050	11.161905
11745	28171.967157	55.145941	-0.260891	1.439329	10.890490
11747	28174.056195	54.412774	-0.361176	1.421704	11.425551
11753	28180.322288	55.661991	-0.230456	1.441707	11.020593
11755	28182.411046	53.946988	-0.279678	1.425916	11.162733
11757	28184.499750	53.052302	-0.249699	1.425187	11.178715
11759	28186.588685	53.474654	-0.274043	1.424517	11.396391
11761	28188.677182	53.860492	-0.368251	1.422324	10.984232
11763	28190.765817	53.222863	-1.261565	1.415560	11.135760
11771	28199.119682	53.728143	-0.255524	1.423932	11.055778
11783	28211.649810	55.451704	-0.217238	1.435911	10.836665
11785	28213.738275	53.430944	-0.226615	1.406181	10.930284
11789	28217.915151	53.374891	-0.075026	1.448483	11.120975
11791	28220.003530	54.882584	1.666443	1.398997	11.066561
11799	28228.357999	54.515728	-0.139859	1.442512	11.088557
11801	28230.446509	53.481984	-0.330904	1.422692	10.896155
11809	28238.801459	53.538497	-0.303258	1.420964	11.203502
11811	28240.890043	53.787067	-0.384018	1.418541	10.978319
11817	28247.156096	53.742934	-0.379118	1.418086	11.186981
11819	28249.244769	54.226475	-0.286984	1.421728	10.752251
11823	28253.421896	55.911375	-0.236469	1.434489	10.706174
11825	28255.510637	53.859274	-0.366091	1.417511	10.763748
11827	28257.599259	54.263503	-0.267084	1.418497	10.811760
11829	28259.687732	54.532210	-0.234483	1.421948	11.075961
11833	28263.864807	52.881383	0.033622	1.446071	10.855335
11835	28265.953213	51.835875	-0.341280	1.423939	10.937856
11841	28272.218662	56.575959	-0.208249	1.430779	10.975843
11843	28274.306981	54.538732	-0.259224	1.419351	10.853546
11847	28278.484001	55.616592	-0.223548	1.430068	11.198476
11849	28280.572524	54.896145	-0.321106	1.420309	11.069692
11851	28282.660848	54.004965	-0.355082	1.417060	11.255361
11853	28284.749569	54.112825	-0.294028	1.416387	11.156466
11863	28295.192612	56.032727	-0.259855	1.429388	11.128727
11865	28297.280916	54.741289	-0.431311	1.415905	11.131337
11867	28299.369863	54.725869	-0.362765	1.417170	11.113256
11869	28301.458365	53.823487	-0.285772	1.416333	10.989674
11871	28303.547032	52.305484	-0.261130	1.419283	11.247637
11873	28305.635754	53.847829	-0.403788	1.415206	10.949516
11875	28307.724352	45.824896	-5.697160	1.408529	10.880875
11877	28309.812939	56.011053	-0.243130	1.430767	11.198160
11881	28313.990186	53.613101	-0.206069	1.416537	10.811716
11885	28318.167833	54.041597	-0.372852	1.414627	11.255451
11887	28320.256001	54.509619	-0.355128	1.412829	11.283039
11893	28326.521763	53.194942	-0.228869	1.415980	10.986972
11897	28330.698894	53.803341	-0.386671	1.413515	10.687637
11901	28334.875949	53.976929	-0.354571	1.413373	10.744595
11903	28336.964354	54.943258	-0.323660	1.414441	11.171141
11905	28339.052704	54.454452	-0.277626	1.415233	10.682164
11907	28341.141381	55.358627	-0.201252	1.426672	10.947962
11913	28347.406698	53.978416	-0.323228	1.413106	11.307820
11915	28349.495295	55.564001	-0.175661	1.429790	10.938811
11917	28351.583479	53.738337	-1.967255	1.411701	11.384166
11919	28353.672183	53.678767	-0.369641	1.411492	10.916272
11921	28355.760604	53.876526	-0.317452	1.413625	11.070814
11925	28359.937616	53.987811	-0.383846	1.411732	10.618614
11927	28362.026561	52.969740	-3.497288	1.418147	11.089611
11929	28364.115078	55.120744	-0.200969	1.424450	11.261200
11935	28370.380687	55.337303	-0.171152	1.430322	10.846133
11937	28372.469498	54.794022	-0.349113	1.411816	10.639430
11943	28378.735221	53.989359	-0.398528	1.410817	11.170028
11945	28380.824015	54.237851	-0.260965	1.413728	10.884158
11947	28382.912704	55.850566	-0.199940	1.426358	11.276357
11949	28385.001037	54.945005	-0.377592	1.410019	11.130801
11951	28387.089977	54.721379	-0.329762	1.409739	10.961937
11953	28389.178528	53.824814	-0.271110	1.413082	10.718473
11955	28391.267166	52.752019	0.012961	1.435343	10.546762
11957	28393.355357	55.179059	-0.192818	1.413658	11.053345
11959	28395.444105	55.777975	-0.245908	1.421081	11.038162
11961	28397.532726	53.077155	-1.358054	1.402345	11.049870
11967	28403.797924	53.154262	-0.300832	1.411292	11.193745
11973	28410.063563	55.661758	-0.212383	1.425641	10.871807
11975	28412.152056	54.348870	1.567888	1.386682	11.121724
11979	28416.329120	54.078001	-0.337711	1.408422	11.128062
11993	28430.949691	53.533622	-0.280005	1.409646	11.408579
11995	28433.037923	53.223167	-0.266779	1.409811	11.531174
12003	28441.392292	51.292132	-0.177869	1.414611	10.970835
12009	28447.658376	55.345142	-0.197166	1.421098	11.036537
12011	28449.746602	53.953694	-0.366723	1.406360	11.004529
12013	28451.835117	53.353444	-0.760031	1.395399	10.889134
12015	28453.923844	55.697155	-0.211123	1.420816	10.685548
12017	28456.012577	54.082303	-0.362410	1.406336	10.796457
12019	28458.100982	52.149594	-1.227443	1.395541	11.123416
12025	28464.366718	53.139908	-0.264646	1.408836	11.077898
12029	28468.543724	53.627147	-0.376576	1.404864	11.131588
12031	28470.632114	53.540246	-0.205998	1.401708	11.308653
12033	28472.720756	54.519578	-0.314635	1.405024	10.870354
12037	28476.897485	53.473969	-0.312953	1.407387	10.894306
12039	28478.986608	55.491731	-0.195660	1.419433	11.058835
12041	28481.074986	53.663256	-0.283628	1.407329	11.054062
12043	28483.163455	52.500611	-0.290779	1.408220	11.162977
12045	28485.251957	53.696248	-0.276694	1.405271	10.802776
12047	28487.340729	53.290092	-0.316691	1.406176	10.741578
12065	28506.138175	53.865424	-0.340054	1.402518	10.955608
12067	28508.226761	53.255420	-0.315054	1.405773	10.762899
12075	28516.580715	53.837384	-0.343688	1.402032	11.202183
12077	28518.669419	53.890854	-0.336250	1.402610	10.988339
12079	28520.758147	54.016796	-0.239030	1.401894	10.947587
12081	28522.846610	54.180503	-0.257254	1.401514	10.986842
12083	28524.935206	52.770502	1.864474	1.362555	10.909518
12089	28531.200439	56.301380	-0.235085	1.416235	10.965854
12091	28533.289305	54.285827	-0.262617	1.400227	10.925654
12093	28535.377545	54.611490	-0.295563	1.402282	11.103695
12095	28537.466078	54.965309	-0.343622	1.403065	11.178725
12097	28539.554837	53.885873	-0.336498	1.402388	11.299808
12105	28547.908932	53.956003	-0.311680	1.400887	10.883011
12107	28549.997258	55.235869	-0.156863	1.414294	10.728436
12109	28552.085965	55.301743	1.169847	1.377869	11.077343
12111	28554.174451	54.351817	-0.252879	1.401214	11.138143
12117	28560.440106	53.977639	-0.359190	1.400497	11.132000
12119	28562.528512	54.727984	-0.298320	1.401708	10.882817
12121	28564.617309	54.090142	-0.360880	1.400322	11.030187
12123	28566.705777	51.630600	-2.058267	1.392492	11.019474
12129	28572.971962	53.904316	-0.382488	1.399161	10.838888
12131	28575.060301	54.023901	-0.353089	1.398945	11.233893
12133	28577.148770	56.995473	1.118716	1.381281	10.966830
12135	28579.237548	55.516594	-0.198206	1.415963	10.748772
12137	28581.326285	54.981161	0.069014	1.388394	11.145733
12143	28587.592466	56.616500	-0.229057	1.409315	10.934949
12153	28598.034998	54.144324	-0.300552	1.398477	10.813147
12161	28606.389105	54.368876	-0.035991	1.414903	10.858498
12163	28608.477222	64.896270	0.875217	1.377809	10.980351
12171	28616.831349	54.789520	-0.064571	1.423878	10.994132
12173	28618.919527	53.180938	-2.744704	1.399052	10.971851
12175	28621.008374	52.747475	-0.249735	1.400345	11.221655
12181	28627.273947	53.749418	-0.355653	1.395709	10.925636
12185	28631.451053	53.971026	-0.356945	1.395959	10.932389
12189	28635.628482	53.466009	-0.315095	1.397419	11.130887
12191	28637.717165	55.498816	-0.162400	1.414356	11.066423
12193	28639.805751	53.390404	-0.272482	1.400673	11.140979
12201	28648.160352	55.758956	-0.196573	1.410413	11.091787
12203	28650.248944	53.619321	-0.376536	1.384355	11.207330
12207	28654.426393	53.367716	-0.373114	1.393438	10.854730
12209	28656.514855	53.026101	-0.278660	1.399529	11.225987
12215	28662.780541	56.003969	1.055223	1.374232	11.044491
12217	28664.868752	55.255261	-0.176115	1.407357	10.991524
12221	28669.046090	53.344849	-0.278519	1.396665	11.184125
12227	28675.311217	53.852526	-0.385829	1.393751	10.915765
12233	28681.576995	55.773582	-0.218218	1.408785	11.235604
12239	28687.842918	56.857900	1.315240	1.371349	10.857717
12241	28689.931019	52.774932	-0.272546	1.396498	11.555281
12243	28692.019644	53.832089	-0.327629	1.394407	10.979217
12245	28694.108548	53.324800	-0.281290	1.395245	10.772089
12247	28696.197178	53.884189	-0.313368	1.394123	11.222268
12249	28698.285397	53.848257	-0.359150	1.392003	10.886656
12251	28700.373875	50.430679	-1.928915	1.377885	10.752370
12255	28704.551387	53.880392	-0.351065	1.392401	11.155058
12257	28706.639757	54.208680	-0.284481	1.392354	10.693339
12263	28712.905711	53.892573	-0.396641	1.391223	10.835079
12265	28714.994346	52.494036	-0.288607	1.394653	11.433542
12273	28723.349129	55.665300	-0.192690	1.406955	10.941889
12275	28725.437615	54.057364	-0.355148	1.390861	11.034558
12277	28727.526049	54.283088	-0.283588	1.390278	11.025778
12279	28729.614547	53.355641	-0.165905	1.376469	11.243669
12283	28733.791925	53.555353	-0.354293	1.388965	10.792890
12285	28735.880600	56.530787	-0.018098	1.380570	11.236699
12287	28737.968800	54.736139	-0.083234	1.410773	10.950259
12289	28740.057391	54.766996	-0.291614	1.390796	11.147248
12291	28742.146002	54.676957	-0.288464	1.390925	11.116442
12293	28744.234296	53.743068	-1.564972	1.386857	10.963816
12295	28746.322855	55.046070	-0.170853	1.401833	11.031282
12297	28748.411343	53.363990	-0.265896	1.391648	11.032740
12303	28754.676916	55.595772	-0.222119	1.403843	10.984552
12305	28756.765460	56.357800	1.653058	1.363282	11.092700
12307	28758.853887	55.260013	-0.193446	1.401339	10.913043
12315	28767.208309	52.846026	-0.253521	1.391660	10.655149
12319	28771.385653	53.983326	-0.406127	1.388002	10.798063
12321	28773.474065	52.012092	1.837950	1.354340	10.929776
12329	28781.828798	55.143264	-0.155190	1.404076	10.826112
12331	28783.917248	53.864507	-0.373581	1.386892	11.079294
12333	28786.006043	54.703361	-0.348459	1.386489	10.979452
12337	28790.183520	55.460872	-0.209695	1.401379	10.871904
12339	28792.272280	54.966825	-0.383190	1.386662	10.740661
12341	28794.360984	54.126660	-0.261554	1.383000	11.357846
12343	28796.449468	54.148783	-0.278474	1.385198	11.054204
12347	28800.626818	53.649831	-0.310967	1.386764	10.995745
12351	28804.803832	56.938188	-0.254424	1.400274	11.128455
12357	28811.069189	53.930039	-0.379353	1.385257	11.037044
12359	28813.157285	53.661880	-1.602594	1.382729	11.205719
12363	28817.334540	54.075109	-0.404904	1.385396	10.609896
12367	28821.511466	53.845019	-0.358680	1.384672	10.752983
12369	28823.599736	54.336326	1.594693	1.360913	11.183959
12371	28825.688320	56.520360	-0.228094	1.399293	10.903304
12373	28827.776878	60.796371	1.314600	1.370194	11.028625
12379	28834.042172	54.704898	-0.335529	1.385391	10.820759
12383	28838.219160	52.655543	-0.242422	1.388468	10.977972
12389	28844.485130	53.820480	-0.390878	1.382908	10.930245
12393	28848.662507	51.577671	-2.329254	1.376883	11.017739
12395	28850.751431	55.970935	-0.272837	1.397152	11.032211
12397	28852.839620	60.242097	1.359545	1.365289	11.119967
12399	28854.928343	53.654824	-0.346924	1.383737	10.937914
12405	28861.194256	53.452501	-0.284368	1.383968	10.860016
12409	28865.371747	53.658320	-0.380481	1.380858	11.071707
12411	28867.460325	54.177677	-0.237279	1.384620	11.379400
12413	28869.549049	53.940284	-0.239537	1.382203	10.996285
12415	28871.637779	53.439387	0.000552	1.404801	10.919540
12417	28873.726577	56.848911	-0.021615	1.373365	10.756210
12419	28875.814834	56.110083	-0.260350	1.391898	11.325220
12421	28877.903460	53.815368	-0.371572	1.380571	11.197086
12423	28879.991960	54.625067	-0.225296	1.384209	10.845626
12429	28886.257631	55.743368	-0.167299	1.399939	10.701065
12431	28888.345943	53.378473	-0.073555	1.365301	11.244061
12433	28890.434511	53.975912	-0.297236	1.380927	11.007412
12435	28892.522886	54.699274	-0.047503	1.398519	10.900664
12437	28894.611733	53.903246	-0.383507	1.380580	10.779363
12439	28896.699683	53.464205	-0.329695	1.383775	11.376522
12449	28907.142728	53.882174	-0.283495	1.380856	11.285295
12461	28919.673771	53.574559	-0.399441	1.378237	10.943678
12463	28921.762348	53.497157	-0.269400	1.378420	10.971702
12465	28923.850946	56.388521	-0.247944	1.395983	10.987840
12467	28925.939501	51.504063	-2.782980	1.374117	10.853138
12469	28928.028296	53.900756	-0.397447	1.378095	10.870138
12471	28930.117462	53.151780	-0.312162	1.380434	10.917283
12475	28934.294714	54.024446	-0.281065	1.379116	10.875817
12479	28938.472114	55.194314	-0.095453	1.396285	10.670616
12483	28942.649199	55.808609	-0.142842	1.394713	10.830266
12485	28944.738010	53.784225	-0.356270	1.376971	10.989685
12491	28951.003323	53.873783	-0.366275	1.377000	10.802308
12493	28953.091813	54.800178	-0.302178	1.378634	11.048848
12495	28955.180497	53.988308	-0.346819	1.376937	11.213612
12497	28957.268879	53.657786	-1.517327	1.373566	11.261352
12499	28959.357136	53.984819	-0.367685	1.376890	11.172416
12503	28963.533986	52.174100	-0.215207	1.381731	10.841543
12505	28965.622596	55.980571	-0.206499	1.389939	10.943497
12507	28967.710977	54.054635	-0.342658	1.376662	11.158961
12509	28969.799401	53.778729	-0.366677	1.375920	11.037062
12527	28988.596564	59.144246	1.526556	1.357849	11.144670
12529	28990.685110	55.338301	-0.206711	1.389114	10.982767
12531	28992.773750	54.326001	1.684291	1.351518	11.113261
12535	28996.951081	56.266996	-0.197697	1.389443	11.013692
12537	28999.039979	53.061140	-0.346372	1.361470	11.067743
12539	29001.128315	54.591152	-0.083599	1.392658	10.964853
12541	29003.217229	53.790676	-0.282046	1.375665	10.930826
12543	29005.306138	53.763977	-0.385019	1.372909	10.798755
12545	29007.394892	53.949285	-0.358236	1.373317	10.775552
12547	29009.483711	51.713781	-1.819463	1.365256	10.965859
12553	29015.749630	53.019853	-0.267070	1.376077	11.115695
12557	29019.926568	53.798645	-0.396774	1.372881	10.833277
12559	29022.015271	57.252519	1.356791	1.353655	11.352373
12567	29030.368805	55.226165	-0.179207	1.382681	10.961546
12573	29036.633789	55.600070	-0.169480	1.386060	11.106161
12575	29038.722154	54.663590	-0.308444	1.373457	11.276221
12581	29044.987547	54.501764	-0.285707	1.373820	11.058412
12583	29047.076277	54.311600	1.875712	1.343828	11.289397
12585	29049.164914	53.997537	-0.386037	1.371945	11.044332
12587	29051.253412	55.775613	1.722878	1.349304	10.954371
12597	29061.696323	53.447248	-0.356509	1.368677	11.470426
12599	29063.785132	54.272031	-0.284987	1.372335	10.796940
12601	29065.873920	53.907154	-0.401339	1.369826	11.066066
12603	29067.962607	53.460460	-0.255693	1.373985	10.954905
12605	29070.051469	55.811148	-0.283158	1.381146	11.038886
12607	29072.140480	54.022027	-0.352931	1.369396	10.617797
12609	29074.229335	53.926090	-0.362599	1.368651	11.233870
12611	29076.317904	54.146584	-0.196685	1.374497	10.880942
12615	29080.495305	53.272086	-0.249937	1.372441	11.033419
12617	29082.584329	55.755371	-0.171318	1.383961	11.287574
12619	29084.672554	53.947251	-0.349925	1.368367	10.534845
12623	29088.849756	56.550271	-0.217932	1.385035	10.641327
12627	29093.026550	53.450269	-0.360547	1.367654	10.939203
12629	29095.114838	53.995778	-0.269506	1.374109	10.976946
12631	29097.203203	56.784002	-0.232414	1.383277	10.760348
12639	29105.556729	54.024847	-1.148850	1.361830	11.084015
12645	29111.822127	53.745955	-0.328186	1.369691	11.170455
12649	29115.999314	55.100551	-0.195558	1.383974	11.370049
12653	29120.175873	54.544317	-0.333036	1.367163	11.011096
12657	29124.353877	53.607623	-0.691061	1.361847	10.959379
12659	29126.441832	54.158535	1.080481	1.345420	11.344956
12661	29128.530686	53.200285	-0.215197	1.369426	10.829867
12665	29132.708268	53.701073	-0.356424	1.364762	11.279416
12667	29134.796823	55.060117	-0.400522	1.366309	11.057975
12669	29136.885897	54.534790	-0.327101	1.364179	11.070384
12677	29145.242134	53.617011	-0.391236	1.364690	10.990204
12679	29147.331194	53.562884	0.290857	1.351359	10.969906
12681	29149.419770	53.006466	-0.266760	1.368486	10.858626
12683	29151.509000	52.477294	-0.252914	1.370288	10.715053
12685	29153.595725	52.154783	-0.218171	1.371327	11.495838
12689	29157.772347	55.019924	-0.104305	1.376484	10.618249
12691	29159.860699	53.198367	0.725622	1.343428	10.983821
12695	29164.037137	54.008660	-0.312197	1.366276	10.916050
12697	29166.125179	53.782741	-0.298495	1.366849	10.893466
12701	29170.302184	53.645752	-0.363662	1.364901	11.014263
12703	29172.390342	54.031804	-1.490886	1.360560	10.840958
12707	29176.567637	53.936852	-0.345056	1.364995	11.233930
12709	29178.656044	53.786176	-0.353191	1.364505	10.977402
12711	29180.744849	53.943653	-0.361150	1.364905	11.209050
12713	29182.833364	53.489456	-0.332118	1.366669	11.059803
12715	29184.921916	53.072611	-0.194865	1.368021	11.028592
12717	29187.010653	53.646584	-0.280807	1.365915	10.677418
12721	29191.188470	53.800559	-0.386093	1.363945	10.686335
12723	29193.276447	47.413508	-2.096823	1.336137	10.935150
12731	29201.630998	55.884290	-0.286276	1.374560	10.815354
12733	29203.720548	55.104971	-0.413148	1.361767	10.605047
12735	29205.809571	54.432313	-0.305197	1.358696	10.823871
12739	29209.987057	52.453866	-0.242915	1.366814	10.783866
12745	29216.254002	53.955350	-0.305325	1.362866	10.885318
12747	29218.342245	55.363931	-0.161262	1.374920	10.839141
12749	29220.431227	55.460455	-0.240837	1.364035	10.781168
12753	29224.607800	53.341737	-0.205886	1.364071	10.971386
12755	29226.696178	54.557954	-0.100047	1.376278	10.993525
12757	29228.784529	54.563343	-0.247213	1.366239	10.975155
12759	29230.872681	55.042492	-0.085297	1.375978	10.850801
12761	29232.961260	54.105946	-0.328624	1.361309	11.071468
12763	29235.049116	54.017501	-0.173699	1.361098	10.789687
12765	29237.137371	54.131283	-0.351113	1.361985	10.985959
12767	29239.225745	53.780300	-0.322605	1.364445	11.058444
12771	29243.402746	54.825340	-0.305755	1.362769	10.811140
12775	29247.579473	53.585084	-0.326224	1.366006	11.005319
12777	29249.668423	53.849593	-0.381744	1.361043	10.869256
12783	29255.933941	53.186968	2.059695	1.328276	10.838072
12795	29268.465532	53.471472	-0.282213	1.362409	11.392399
12797	29270.554191	55.725386	-0.200989	1.376371	11.111591
12799	29272.643320	59.531235	1.276346	1.341663	11.052950
12801	29274.731963	54.824352	-0.165295	1.372402	11.008739
12803	29276.820740	53.068832	-0.194717	1.341955	10.795280
12807	29280.998783	53.590463	-0.327421	1.360493	11.187562
12809	29283.087566	55.187254	-0.247034	1.370638	11.035929
12811	29285.176458	58.339291	0.778359	1.346786	10.970778
12813	29287.265005	54.328691	-0.071481	1.374679	10.898048
12815	29289.353997	54.956423	1.448882	1.332936	10.945646
12817	29291.442540	54.199390	-0.263808	1.359824	10.800373
12819	29293.530642	56.196144	-0.246804	1.367024	11.132945
12821	29295.619112	54.639416	-0.246389	1.358730	10.828051
12823	29297.706969	51.116018	-3.164254	1.353777	10.971409
12827	29301.883881	54.068640	-0.360393	1.358183	10.788786
12829	29303.971827	54.013165	-0.351408	1.357890	10.854422
12831	29306.059880	53.352482	0.772878	1.331167	11.036614
12833	29308.147756	54.073630	-0.376971	1.357715	10.928492
12841	29316.502617	56.064612	-0.206092	1.372576	10.992419
12843	29318.590879	54.688658	-0.306465	1.358140	10.913461
12845	29320.679514	59.252339	1.650700	1.333905	11.097592
12849	29324.856480	55.392771	-0.234736	1.367970	11.266920
12855	29331.122368	54.068375	-0.309637	1.358685	11.061035
12861	29337.388151	52.962266	-0.274584	1.358754	11.332761
12869	29345.743418	54.156161	-0.422641	1.354880	10.807095
12871	29347.832285	54.436541	0.080813	1.337008	11.284855
12873	29349.920895	55.724222	-0.248457	1.364873	10.727027
12877	29354.098680	53.773557	-0.328427	1.355527	10.859299
12881	29358.275774	56.086231	-0.273701	1.364696	11.190973
12883	29360.364500	54.771209	-0.307553	1.354934	10.808580
12885	29362.453036	52.112367	-3.272190	1.354869	10.817400
12889	29366.629433	55.587488	-0.153238	1.366056	10.993615
12895	29372.894718	55.656732	-0.179071	1.366257	10.906116
12897	29374.982861	55.095574	1.119049	1.328114	11.160576
12899	29377.070902	55.433729	-0.189874	1.367100	11.064730
12901	29379.159699	54.504070	-0.191545	1.355200	10.939307
12905	29383.336527	53.667891	-0.367300	1.352844	10.951286
12907	29385.425293	55.345126	-0.354111	1.356194	11.013672
12909	29387.513802	53.868613	-0.343278	1.355166	11.195740
12913	29391.690839	55.716058	-0.260175	1.364812	11.048574
12917	29395.867964	53.691838	-0.315026	1.354989	11.159326
12925	29404.222382	53.241958	-0.284803	1.353690	10.744074
12947	29427.199376	55.436241	-0.189327	1.360956	11.006883
12949	29429.287697	54.025851	-0.351861	1.350288	10.840640
12951	29431.376355	54.913798	-0.285134	1.350235	11.159303
12953	29433.464643	53.190292	1.568283	1.321320	11.395389
12955	29435.552953	54.124639	-0.386626	1.350694	11.380163
12957	29437.640985	54.624420	-0.622408	1.338427	11.075663
12959	29439.729437	52.705747	-0.297614	1.353448	11.021073
12963	29443.905876	54.560956	-0.105155	1.363423	11.014573
12965	29445.994280	54.381722	0.715528	1.331885	10.885524
12967	29448.082665	53.811298	-0.354324	1.349642	11.227978
12969	29450.171039	55.276297	1.395792	1.328533	11.099943
12975	29456.436681	53.851935	-0.327305	1.350955	11.060135
12981	29462.702589	53.885418	-0.390575	1.348473	11.066492
12983	29464.791570	53.640351	-0.288753	1.353008	10.934781
12985	29466.879969	52.669019	-0.310078	1.351793	11.036137
12987	29468.968209	56.483768	-0.227293	1.362094	11.320136
12989	29471.057144	53.989427	-0.283328	1.349747	10.904656
12995	29477.323395	51.784461	-1.613531	1.338001	11.080869
12999	29481.500722	55.744979	-0.217338	1.359527	10.928664
13001	29483.590173	54.386796	-0.318935	1.343986	11.059550
13003	29485.679377	54.745902	-0.364809	1.345137	11.100806
13005	29487.768181	53.963858	-0.256906	1.348318	11.122887
13007	29489.857145	54.696144	-0.054519	1.363495	10.897395
13011	29494.034268	54.825695	1.413141	1.323034	11.044999
13017	29500.299941	53.828866	-0.370736	1.346069	11.011348
13019	29502.388115	53.970676	-0.331926	1.346527	11.422622
13021	29504.476220	53.800294	-0.317257	1.345675	10.813004
13023	29506.564415	54.920796	-0.230364	1.348488	11.247129
13027	29510.740990	55.053087	-0.084339	1.360916	11.113390
13029	29512.829902	54.017779	0.378265	1.327555	11.245767
13031	29514.917482	56.311471	-0.149883	1.365630	11.077186
13033	29517.006473	53.886377	-0.341853	1.347547	10.858010
13039	29523.272050	54.324605	-0.254211	1.345993	11.423640
13041	29525.360790	54.370443	-0.291077	1.347931	10.930164
